 -45.00662519 -10.54012573 -59.26873095 -80.94095458  -3.32312527
 -12.9870069   -4.13446028 -33.69268474 -11.84937172 -73.52679391
 -88.89457996 -73.25793537 -20.1274254  -86.44351004 -68.06758157
 -50.22752187 -45.22162571 -62.48907645  -9.32550133 -65.79572815
 -59.84729574 -86.36106756 -49.09848118 -38.62867877 -18.73903855
 -51.67600625 -46.73652433 -29.38521612 -14.21292538  -5.15254672
 -55.82902679 -72.80361784 -70.11187691 -30.63120805 -16.87479855
 -20.1330528  -11.35027822 -10.79026109 -31.44217059 -85.86555381
 -16.47938775  -4.54531144 -32.10009355 -81.40958853 -73.43115741
 -83.97996966 -59.71142666 -42.93202893 -46.58545638 -47.34003857
 -35.80820627 -63.52358986 -57.56889172  -2.56160362 -58.48275623
 -86.46095468 -52.38701124 -22.07011516 -35.12652643  -9.61801947
  -7.76491975 -46.05641837 -25.64159657 -77.52384194  -6.31230647
 -17.32387295 -27.4264427  -63.5426394  -50.99058728 -10.20914362
 -49.96286573 -23.81729347 -25.1344843  -39.75611885 -49.14280387
 -43.25319446 -44.08180882 -65.62023687 -23.93768581 -58.61941311
 -73.55233784 -25.12122384 -34.09139469 -84.17741049 -17.29321772
 -27.02619312  -2.96345587 -27.0014813  -20.20732721 -47.11720871
 -16.72904344 -41.62369216 -62.81745498 -78.2796564  -71.96174325
 -78.42178072 -42.46331966 -73.93251803 -25.74833019  -7.28406443
 -72.75146552 -68.79752103 -55.14092554 -29.92176542 -12.8306126
 -15.34909851 -49.91985909 -66.01797778  -6.76041933 -82.76700447
 -25.93747635 -18.87273738 -69.29643567 -64.81161116 -40.70910624
 -68.60434017 -36.34181542  -4.19559362  -7.02743843 -12.64711937
 -13.0038309  -86.6684818  -51.39298571 -40.69845183 -46.38200201
 -85.60261664 -64.95825648 -71.10327934 -46.48691315 -51.98382949
 -81.50559702  -7.48115611 -80.64739397  -0.11174852 -19.25680297
  -8.48889665 -63.15775236 -11.22098687 -69.23487246 -57.19324726
 -39.56796797 -79.11860468 -79.7405579  -74.57224469 -84.42102847
 -88.98736106 -16.05084205 -52.0686473  -18.19915326 -22.4837675
 -85.48136893 -40.63627289  -0.85715776 -66.29887276 -45.62413618
 -19.2530458  -34.34969343 -36.25737278 -54.71491796 -61.39763423
 -71.43408239  -8.58008518 -63.79251759 -88.49187851 -28.32272863
 -36.37483459  -8.81554034 -75.244184    -7.73820785 -31.58791674
 -80.51955947 -19.39814226 -76.00111504  -8.33868004 -25.78765207
 -72.25168996  -5.02569661 -41.21879301  -2.19499631 -73.72018351
 -16.95383303 -82.6907892  -80.01081082 -85.45144751 -78.82807667
 -26.37689582 -79.05576016 -88.44943094 -48.51029454 -29.15090923
  -3.575846   -13.35875014 -83.33142348 -72.03004894  -8.05557288
 -24.99164749 -17.79730919 -37.40093723 -50.57219216 -67.4742374
 -76.27137297 -55.73242757 -85.68742736 -34.06425105 -72.33853941
  -4.54990567 -87.21996445 -42.3694324  -86.6627055  -69.86241342
 -25.73043189 -77.29623676 -76.7084473  -33.09787523 -38.21711835
 -28.54700906 -44.06852502 -46.88213856 -65.32286755 -38.90397255
 -77.66017894  -4.22859654  -4.561073   -10.82618297 -18.61098664
 -58.97222013 -43.48412036 -43.8061142  -81.66095467 -53.54792671
 -51.32479547  -2.35644312 -10.09360403 -86.34619816 -30.74925411
 -36.81361132 -39.32233368 -63.60818175 -34.81937918 -44.33786001
 -35.86402944 -28.32770912 -13.61694253 -27.99347568 -55.00178121
 -53.38005996 -13.23091516 -57.23902429 -69.43829752 -17.08791719
 -64.814332    -2.87872229  -5.76517116 -70.3190076   -0.50201469
 -54.2880146  -52.42219615 -33.77459791 -22.2447068  -24.95626924
 -60.66771138 -71.27910287 -25.27790489 -80.27963197 -49.61566683
 -38.47483061 -42.02983443 -21.80744106 -59.35380381 -50.85127979
 -72.87888802 -80.30701919 -47.56827733  -9.06768498  -8.02455486
 -15.59699088 -34.87546833 -88.43714636 -57.69502868 -81.52872647
 -38.80514366 -40.61163365 -71.54024521 -63.92530113 -84.41947759
 -54.10194482 -71.27610602 -19.9650365   -9.2571822  -76.38375595
 -44.05788494 -73.52495563 -63.70601268 -42.44165745 -87.4826884
 -33.05091285 -88.05763344 -22.05606071 -73.06795841  -7.47648119
 -65.67896878 -61.47576274 -42.24671895  -9.89215611  -6.28823205
 -66.60332851 -49.51909124 -89.71749995 -48.53102796 -42.42666784
 -22.58916671 -18.90245361  -9.25337454 -63.3245145  -57.4514303
 -35.45969121 -84.23916598 -61.27767612 -86.685331   -10.57992846
 -19.83518221 -37.2953969  -63.92041506 -12.27388142 -47.20108266
 -18.92630101 -70.75759911 -53.30649656 -25.17941967 -23.87184969
 -56.40687402 -86.99002538 -20.34480835 -22.93919321 -45.46005983
 -52.4132591  -89.47964529 -69.01459037  -6.57289907 -58.04394146
 -54.85526228 -58.85865148 -89.57151605 -25.60187693 -48.91759314
 -30.97480348 -85.50567763 -48.60708115 -24.12620494 -86.36465952
 -37.15734115 -40.55054039 -20.43179745 -56.79166165 -40.83789238
 -63.91979112 -36.0526472   -3.53712657 -51.05834873 -32.32471227
 -38.40892741 -82.9058233  -31.99913757 -18.39665098 -61.23697387
 -30.15936818 -36.36778547 -53.56498655 -51.01759866 -77.29013238
 -55.9919671  -49.35253207 -35.76394591  -4.34151208 -65.22028348
  -0.5546455   -5.49124441 -20.2339918  -84.64792793 -85.3375533
 -28.82428083 -61.7194826   -4.33740342 -33.44802905 -26.9411295
 -70.246477   -37.65878988 -16.76633193 -11.86027966 -47.62959933
 -69.58134267 -17.26278737 -66.47855892 -30.33696017 -39.99649149
 -39.6375988   -2.7251227  -88.02683846 -24.60598238 -53.29120836
  -9.16826902 -18.20144359 -40.42312913 -21.4232179  -21.76397214
  -2.38811065 -68.83152171 -45.1191919  -87.17860617 -39.00424952
 -89.44856008 -44.21852684 -26.6575099  -81.75121545 -65.17069396
 -71.37515429 -80.81647748 -81.60893196  -1.04593735 -52.28525084
 -72.65003892 -86.79910946 -66.95127343 -52.69926405 -88.04976807
 -87.11411685 -13.62453737 -33.72081488 -57.30029669 -27.6200374
 -76.82145207 -22.6749857  -87.37612893 -14.09295413 -79.32892917
 -55.28277035 -35.88733286 -57.84112939 -51.29073259 -78.60607147
 -67.94381978 -62.42049813 -17.24114123 -43.24195627  -7.52172317
 -75.51223303 -51.33271127 -34.99459559 -11.95541488 -16.95379124
 -10.58402149 -82.37678072 -14.88026575 -64.28588873 -52.40226626
 -78.44459227 -35.01229475 -76.6576531  -51.06347755 -57.22972674
 -67.35897737 -72.54754647 -69.70934881  -0.43317049 -39.44821669
 -10.54106979 -15.5086934  -50.93462539 -51.75542207 -89.35655687
 -42.69741664 -46.13799226 -54.43726838 -79.09957645 -72.98113055
 -13.99984643 -54.28557649 -83.86831649 -39.00826165 -12.69164091
 -64.82113495 -85.19807993 -53.46078649 -26.09249628 -68.494478
 -75.42540199 -16.83224211  -3.41662272 -71.39863081 -17.32443024
 -59.90662602  -0.77732982 -36.70263547 -13.22202414 -28.66604021
 -62.91499539 -38.12340708 -88.86788289  -6.14202357 -81.50296875
 -34.86441214 -84.95135636 -33.74818925 -34.06623851 -46.41114374
 -25.31249512 -14.76761587 -40.4804603  -41.83022472  -5.77749456
 -12.63450753 -64.0749631   -1.36502382 -80.19202884 -56.02613685
 -89.80623247 -36.97338913 -63.74134189 -47.05378425 -78.38969454
 -86.30072764 -16.36161299 -79.98532906 -41.02993172 -75.93711609
 -27.2702319  -78.22509714 -87.56288052 -48.72663035 -14.04108206
 -71.47380828 -30.41064783 -89.90931221 -40.6904231   -4.16811331
 -81.85153435 -74.98392846 -52.48044433 -63.03182094 -80.66212558